150 
150 125 
175 150 125 
175 150 125 125 
575 175 150 125 125 
575 175 150 150 125 
575 225 175 150 150 
575 225 175 150 150 
575 225 175 150 150 
575 225 175 150 150 
575 225 175 150 150 
575 225 175 175 150 
575 225 175 175 150 
575 225 175 175 150 
575 225 175 175 150 
575 225 175 175 150 
575 325 225 175 175 
575 325 225 175 175 
575 325 225 175 175 
575 325 225 175 175 
575 450 325 225 175 
575 450 325 225 175 
800 575 450 325 225 
800 575 450 325 225 
1150 800 575 450 325 
1150 800 575 450 325 
